1022 2040
  -14.841491    42.873639   260.043496
  -19.032020    38.288645   260.908015
  -20.158936    33.794014   261.461482
  -20.158936    -0.655562   264.854829
   16.660465    -0.655562   261.228192
   26.276179     1.755535   260.043496
  -69.104199   -15.151249   261.461482
  -69.622910   -19.064176   261.795994
  -38.567551   -19.064176   264.854829
  -79.154345   -27.775403   259.999184
  -48.143732   -58.786016   259.999184
  -38.567551   -48.308824   261.974111
  -29.835036   -47.151063   261.228192
   28.219827     1.755535   259.724189
   28.554339     1.595664   259.642950
   80.683553     1.595664   243.829631
   52.259547    70.217647   243.829631
   52.114881    70.276296   243.866124
   48.453924    68.797055   245.162468
   46.336069    66.679635   246.070865
  -11.118410    50.647362   258.153283
   -6.792338    91.680752   245.162468
   -9.671317    88.332151   246.540051
  -11.118410    84.924468   247.755592
  -76.916152    57.669953   247.755592
  -78.092159    54.768817   248.488044
  -85.970146    46.890830   248.488044
  -86.043999    45.556256   248.695268
 -119.337986   -34.822756   248.695268
  -93.868116   -34.822756   256.421203
 -119.721589   -34.985234   248.558422
 -130.933840   -44.625276   243.945625
 -115.269532   -82.443002   243.945625
 -107.085270   -79.136975   246.843719
 -105.904050   -77.955321   247.350701
  -49.830630   -62.308824   259.142484
  -67.826969   -95.398193   246.843719
  -53.965553   -96.452125   248.266049
  -49.830630   -91.642964   250.244017
  -29.070002   -90.064674   248.114432
   32.524178   -64.551795   248.114432
   46.791788   -63.761998   245.898396
   59.164406   -68.760137   241.517151
   87.166579    -1.156896   241.517151
   93.738229    -1.156896   238.672925
  105.461807    -4.854345   232.936253
  155.807677    -4.854345   206.025808
  135.439775    71.159061   206.025808
  134.070012    71.967973   206.641832
  119.395339    71.233783   214.591066
  114.853788    72.354183   216.355728
   65.080499   122.127907   216.355728
   62.520827   122.707005   217.196353
   54.238818   116.521999   223.336613
   53.641474   114.996708   224.237190
   -6.118968    93.815984   244.117660
   -4.448578   132.247128   223.336613
   -5.895670   130.697075   224.372298
   -6.118968   130.311299   224.610367
  -75.592004   111.696330   224.610367
  -78.479672   111.536024   224.162033
  -78.745979   111.264070   224.231977
  -80.969401   110.760564   223.502131
 -142.895921    48.834044   223.502131
 -144.905602    48.337923   222.721023
 -145.112826    48.135043   222.668022
 -145.662817    38.206972   224.209821
 -165.433375   -35.577799   224.209821
 -166.114130   -45.307769   225.239424
 -165.929931   -45.479804   225.362369
 -133.642523   -45.479804   242.620607
 -165.636689   -49.673808   224.918379
 -153.498664   -94.973319   224.918379
 -150.811269   -93.921559   226.505359
 -125.897472   -93.070942   237.440877
 -154.678581   -96.553347   223.747151
 -133.641219  -117.590709   223.747151
 -126.553898  -112.297157   229.002038
 -116.999874  -112.826295   230.485623
  -65.535776  -126.616465   230.485623
  -53.965553  -127.425811   231.709852
  -47.088931  -134.789865   226.789043
  -25.233969  -133.261099   224.476128
   41.986972  -115.249121   224.476128
   64.864586  -113.981884   220.923344
   63.467454   -73.063184   238.883190
   82.393911  -127.073487   207.926881
   87.489362  -125.920505   206.253450
  135.918085   -77.491348   206.253450
  130.447285   -75.349599   209.484754
  148.622609   -78.126921   199.372050
  166.585496   -11.088877   199.372050
  177.351586   -11.088877   191.505793
  181.395278   -12.103275   188.353121
  233.395465   -12.103275   145.677579
  237.887490    -8.577426   141.415802
  223.513444    63.685096   141.415802
  205.735624    67.515916   155.380179
  203.992249    68.297024   156.501013
  162.983622   129.670947   156.501013
  156.385906   132.590329   159.954312
  138.753621   127.144726   175.761983
  134.972326   128.060508   177.240355
   75.721472   167.650715   177.240355
   73.660962   168.119033   177.915462
   61.583757   159.472102   190.338909
   61.076775   157.291254   192.211310
   -4.066712   133.768508   222.150180
   -2.572701   172.233537   190.338909
   -4.066712   170.329856   192.145276
  -76.018181   156.017934   192.145276
  -76.624214   155.974925   192.057955
  -80.940728   159.065473   187.617628
  -83.172839   158.558057   186.886479
 -146.395269   116.313906   186.886479
 -150.589274   115.298639   185.246499
 -152.429527   115.866875   183.596961
 -194.720597    52.573633   183.596961
 -190.195555    46.253084   190.098668
 -190.980139    35.170728   191.694770
 -203.140755   -25.964257   191.694770
 -203.829764   -35.177253   192.633143
 -195.865325   -44.071376   200.621476
 -194.290075   -45.307769   202.115921
 -183.552658   -99.289834   202.115921
 -183.527461   -99.643895   202.064658
 -160.705454  -100.596604   218.552215
 -183.615651   -99.766840   201.938239
 -166.816172  -124.909148   201.938239
 -165.593246  -124.531626   203.034310
 -162.471853  -121.410234   206.903794
 -134.617822  -119.046056   222.492512
 -133.493078  -145.979960   203.034310
 -133.069507  -146.925718   202.426540
 -131.958665  -147.947068   201.897836
 -125.813627  -148.382368   202.782774
  -47.088931  -164.041898   202.782774
  -44.668711  -167.125061   199.857310
  -29.242471  -180.938690   186.002410
  -16.657416  -179.997710   184.720402
   61.269663  -164.496748   184.720402
   80.889473  -163.107435   181.894423
   92.441016  -171.378148   170.011843
   98.372314  -170.030106   168.068195
  155.719487  -131.711916   168.068195
  160.411786  -130.575876   166.234024
  156.402849   -83.346620   192.665726
  165.970775  -132.292751   161.250222
  173.817918  -128.820337   157.142669
  205.574016   -81.293929   157.142669
  206.267369   -80.983311   156.696942
  213.226532   -79.483652   151.230486
  221.262218   -73.099676   145.677579
  247.309447    -6.890962   130.444226
  273.277176    -6.890962    98.802818
  277.581961    -2.026194    92.618681
  283.717441     7.085579    83.383964
  283.637506     8.064354    83.292733
  275.912873    56.834975    83.292733
  274.406264    58.472348    84.812810
  270.745741    60.367774    88.907330
  269.135302    60.134919    90.913971
  239.845039    -8.577426   139.214536
  225.073054    64.512689   139.476933
  244.309695   112.251099    88.907330
  231.788936   121.052254    98.236319
  230.106816   121.136533   100.139565
  219.925906   125.952645   106.528754
  174.253653   171.625332   106.528754
  164.032341   176.178178   111.850544
  153.730659   173.256189   124.266171
  150.001496   174.254079   125.637238
   85.188176   207.277849   125.637238
   81.319126   208.244894   126.803253
   71.070879   202.774529   139.215405
   70.565635   199.276918   143.574929
   -1.952767   175.662507   186.344742
   -2.572701   172.919939   189.566923
    0.378829   213.971140   139.215405
   -1.952767   211.908024   142.179534
  -77.546078   199.935517   142.179534
  -77.151614   197.205547   145.582004
  -80.989819   201.773598   138.008554
 -152.606775   165.283062   138.008554
 -152.232730   164.697448   138.909565
 -155.237695   118.675043   179.298258
 -157.397255   166.641965   132.234954
 -205.017500   119.021719   132.234954
 -204.367156   116.728354   134.998375
 -202.576428   115.584060   137.753976
 -197.086513    53.829141   180.656292
 -231.643827    63.194622   134.998375
 -225.156022    51.040523   149.719532
 -225.792465    43.598271   150.668332
 -235.004158   -14.560856   150.668332
 -235.351703   -18.813943   151.065402
 -227.663128   -30.231681   162.637797
 -223.286662   -35.177253   168.924460
 -213.844286   -94.795636   168.924460
 -213.218270   -95.475522   169.556124
 -212.692608   -95.747911   170.143911
 -208.741450   -98.583447   173.952574
 -185.698751  -100.872903   199.348590
 -192.494568  -130.469441   173.952574
 -188.079003  -127.647371   180.747523
 -170.690000  -128.782976   196.008244
 -192.733940  -131.312238   172.936438
 -171.090547  -152.955632   172.936438
 -169.295040  -150.146161   177.259904
 -170.895487  -156.843363   168.538251
 -128.951528  -178.214802   168.538251
 -122.405074  -187.337436   159.745350
 -117.684973  -190.901515   156.793820
 -112.355797  -195.806250   151.846076
  -29.242471  -208.969969   151.846076
  -22.374539  -215.046802   143.116169
   -8.224225  -224.575629   128.774271
   -4.129271  -224.240683   128.391971
   78.850250  -211.098251   128.391971
   88.577613  -210.266314   127.151668
   90.058592  -211.056545   125.358333
  156.522317  -177.191715   125.358333
  157.839949  -175.316707   126.755031
  163.492776  -170.244716   127.943637
  164.544536  -169.776398   127.396253
  207.713592  -126.606907   127.396253
  208.643276  -126.167262   126.812811
  216.589469  -117.311369   124.950836
  224.270224  -111.912250   119.227631
  245.261101   -70.715514   119.227631
  252.096017   -65.810779   112.639907
  256.558066   -59.901637   108.944630
  266.611688   -48.976980    98.802818
  293.973074     7.085579    64.197282
  295.120842     9.205172    61.527698
  298.717069    17.504992    52.755216
  298.230071    23.057031    52.299063
  294.566507    50.882824    52.299063
  294.553474    50.903677    52.319047
  293.004725    53.652762    54.266605
  292.815747    53.870846    54.536821
  279.622487    85.722085    54.536821
  275.829463    89.753178    58.431937
  261.849012   108.564076    65.111327
  261.158700   110.015513    64.427096
  227.996780   153.232792    64.427096
  227.500225   154.191583    63.876671
  215.256198   166.435609    63.876671
  214.361703   166.898714    64.389735
  165.885192   204.096505    64.389735
  157.306032   208.177992    68.436033
  156.901142   208.479053    68.292236
  150.853417   210.266306    70.258909
   87.994606   236.303109    70.258909
   78.573517   238.851920    72.741687
   76.600762   238.285856    75.279204
   76.442629   236.054179    79.493627
    0.567806   216.720660   134.352375
    0.378829   215.902190   135.837263
    2.171729   248.084466    75.279204
    0.567806   248.225222    75.410836
   -0.408796   248.648358    74.378626
  -76.465212   238.635573    74.378626
  -76.237569   235.424688    80.441992
  -81.823059   203.571711   134.630846
  -79.498849   239.506175    70.476560
 -152.720597   209.176316    70.476560
 -151.626697   206.748277    75.762292
 -159.497299   169.306335   126.560406
 -154.692048   209.363556    67.726606
 -208.495127   168.079499    67.726606
 -208.671507   166.822688    69.539925
 -205.709550   163.860298    78.008739
 -210.485259   123.331283   120.590009
 -239.607397   126.506980    69.539925
 -238.896667   119.026064    79.974977
 -236.373921   117.889590    85.466630
 -233.933283    64.255505   130.698369
 -257.237944    74.745730    79.974977
 -253.255942    60.867371    97.825781
 -253.521380    58.111336    98.125105
 -260.967107     1.555262    98.125105
 -261.189971    -0.984861    98.333632
 -256.268727   -12.343516   110.338721
 -252.765034   -18.813943   118.487359
 -244.595109   -80.871227   118.487359
 -242.454663   -84.260230   121.656974
 -241.634456   -85.062191   122.994155
 -236.668031   -90.793216   130.096247
 -219.946750  -131.161490   130.096247
 -218.374107  -131.892639   132.425670
 -214.802209  -130.283504   140.201131
 -196.349716  -134.162111   165.235700
 -197.371066  -159.264451   132.425670
 -193.811331  -155.704282   142.603105
 -172.021534  -158.272209   165.495924
 -196.899273  -162.623478   127.577411
 -166.146712  -186.220946   127.577411
 -163.780362  -189.220264   124.851786
 -161.290633  -194.576808   116.916888
 -156.544031  -199.043202   112.330591
 -108.282564  -219.033583   112.330591
  -96.824425  -228.963391    98.131187
  -90.646370  -232.443190    93.754286
  -80.396385  -238.916659    84.167679
   -8.224225  -248.418117    84.167679
   -3.348597  -251.058159    78.027419
    6.963077  -255.526291    67.128828
    8.468384  -255.394224    67.005449
   79.168689  -246.086087    67.005449
   79.868559  -245.644270    67.659704
   80.127914  -245.497866    67.843903
   84.871910  -241.386838    73.722634
   90.154601  -211.263769   124.969082
  136.123136  -220.158327    73.722634
  143.019307  -213.669218    80.385950
  143.456780  -213.344263    80.541476
  150.908589  -203.898412    89.124546
  192.405518  -172.056731    89.124546
  196.821952  -165.972513    93.484504
  203.807181  -158.987284    93.484504
  205.060952  -156.567064    94.873817
  242.220947  -108.139210    94.873817
  244.769759  -106.128225    92.557426
  253.401919   -94.513690    88.433800
  258.429164   -89.171047    83.271446
  275.740838   -47.376099    83.271446
  280.336693   -42.072989    76.699361
  285.466029   -32.966864    70.248049
  289.551861   -26.497305    64.197282
  303.039666    17.504992    38.504984
  303.566197    20.135911    35.793694
  303.174774    24.401163    35.498281
  301.124256    42.603422    35.498281
  300.699816    46.738779    35.129448
  299.994299    48.649845    36.523106
  299.725385    49.195057    37.130007
  293.736743    66.308630    37.130007
  292.301380    68.655865    39.169664
  288.653456    75.020726    41.940905
  280.660344    85.269841    52.206963
  265.469132   109.447276    52.206963
  259.323225   118.261464    54.084578
  237.798431   149.000122    49.337107
  236.105885   151.025009    49.656414
  221.322169   170.464965    37.484069
  209.379204   182.407930    37.484069
  199.199163   194.328740    28.021709
  195.363999   197.534412    27.416545
  193.779626   198.963258    26.076758
  149.939372   226.510146    26.076758
  148.799423   227.078818    26.532042
  137.949922   233.297275    21.808465
  135.472792   234.076646    22.484006
   79.499726   253.662570    22.484006
   73.137906   255.465897    23.887656
   67.091484   257.697139    19.477304
   65.723893   258.222367    18.254813
    3.769135   265.202817    18.254813
   -0.531306   265.597282    18.552398
   -0.531306   249.074101    73.021027
   -7.580831   267.007013    11.286092
  -17.505427   266.097313    10.598820
  -73.153103   259.827158    10.598820
  -73.503690   259.791100    10.567541
  -79.872895   240.324644    67.809583
  -78.648231   259.941414     4.091900
  -86.631351   257.678024     2.330714
 -144.671878   237.368770     2.330714
 -144.647984   237.287097     2.630037
 -155.991868   211.243343    61.102390
 -146.252341   237.108980     0.065586
 -149.102214   235.686650    -1.073494
 -199.755662   203.858871    -1.073494
 -200.802643   202.298826     1.715558
 -200.171413   201.409110     5.691478
 -211.375410   170.959348    56.006939
 -234.132253   168.969216     1.715558
 -236.281822   163.388939    10.684838
 -234.802581   162.339352    17.295153
 -242.356047   128.407185    59.853833
 -255.930739   132.117667    10.684838
 -257.484267   122.678332    24.217389
 -256.305219   122.331221    28.535642
 -258.509092    75.326566    75.833973
 -270.338671    85.941473    24.217389
 -270.997269    83.617697    24.730019
 -270.640166    71.357597    40.163210
 -270.911252    68.713210    40.399106
 -276.114876    22.532672    40.399106
 -276.822566    14.808474    40.933892
 -274.347608     2.432380    53.690548
 -273.507416    -0.984861    57.729461
 -266.686837   -61.519461    57.729461
 -264.423012   -67.416439    63.000857
 -263.897350   -68.841810    64.040452
 -260.531806   -75.657176    71.625198
 -244.628995  -121.104394    71.625198
 -241.292993  -124.772736    78.440130
 -240.564885  -124.558995    81.106672
 -222.056786  -132.620313   122.660946
 -219.481039  -159.486446    78.440130
 -216.540805  -157.400304    91.581258
 -198.363742  -164.088382   121.617006
 -219.342890  -159.845287    77.863204
 -190.044807  -189.143369    77.863204
 -189.452242  -188.307957    81.596277
 -186.739216  -194.069826    69.055968
 -185.112268  -195.536903    67.680122
 -147.881895  -218.930622    67.680122
 -137.460744  -227.057539    57.241160
 -136.840810  -227.620997    56.090350
 -125.811020  -234.367289    46.504611
  -76.205856  -251.725012    46.504611
  -66.912490  -256.313916    36.162527
  -58.874632  -259.280216    30.299870
  -50.887603  -262.345567    23.160417
    6.963077  -268.863783    23.160417
    8.840257  -269.325584    20.942208
   16.488430  -270.855218    13.058139
   17.988957  -270.717503    12.953875
   69.615098  -264.900895    12.953875
   70.286730  -264.547702    13.869223
   73.676167  -262.873836    17.641395
  116.803953  -247.782543    17.641395
  119.199844  -246.317205    19.723192
  122.273884  -243.521636    25.434667
  127.835915  -239.184269    31.005821
  170.583138  -212.324217    31.005821
  175.066475  -208.280091    34.798411
  176.622609  -205.961529    38.944194
  182.434439  -199.155720    44.346354
  229.589407  -152.000751    44.346354
  232.229449  -148.529206    46.519816
  234.285615  -146.069453    46.131869
  236.949117  -141.262031    48.492571
  273.919700   -82.423887    48.492571
  275.034887   -80.993303    47.059815
  278.821395   -74.386898    44.183442
  278.977790   -74.131452    43.961013
  296.433695   -24.245645    43.961013
  297.016269   -23.065728    42.647725
  299.073738   -17.490230    38.581444
  299.151067   -17.289088    38.401589
  302.902385    16.006637    38.401589
  305.198792    20.135911    19.214907
  303.174774    40.684537    19.214907
  303.152618    40.899146    19.200571
  302.875885    43.354121    19.200571
  302.507921    45.036241    20.782771
  297.387273    61.917393    20.782771
  297.140516    62.681558    20.620728
  287.622983    77.587783    38.089232
  296.748224    63.616890    19.411270
  295.161679    66.584928    19.411270
  211.889351   185.568856     6.660696
  210.819780   187.071556     4.306944
  209.875760   188.359646    -1.035698
  208.479061   189.756345    -3.641421
  185.258245   208.813131    -3.641421
  178.665742   213.731334    -8.766847
  173.161925   217.189411    -8.766847
  167.793217   220.245205   -10.865588
  130.771371   240.034009   -10.865588
  123.647123   243.306584   -16.897239
  112.693793   247.139142   -16.897239
  106.954080   248.990256   -18.116255
   61.406943   262.806492   -18.116255
   54.467329   264.323962   -24.643593
   46.667540   265.202817   -24.643593
   37.526660   266.163781   -25.257445
   -7.580831   270.606281   -25.257445
  -16.498414   270.606281   -34.175027
  -62.279275   266.097313   -34.175027
  -65.230370   265.787128   -34.373128
  -74.082787   264.789673   -34.373128
  -83.609443   262.706572   -43.334154
 -125.121577   250.114131   -43.334154
 -126.956182   249.522435   -43.723839
 -136.631414   246.136908   -43.723839
 -141.677339   243.818779   -47.996042
 -177.820764   224.500030   -47.996042
 -179.846955   223.346614   -47.203638
 -186.458573   219.192142   -47.203638
 -186.965120   218.814187   -46.810043
 -199.831688   203.941847    -1.937145
 -213.531930   197.011356   -46.810043
 -218.872835   192.299509   -43.391064
 -219.537081   191.635262   -42.151630
 -221.765282   189.109910   -40.534675
 -234.266492   169.092160     0.316253
 -238.152485   169.142120   -40.534675
 -242.684912   163.065722   -35.810663
 -244.701110   160.065101   -31.166153
 -245.105132   159.355239   -30.888551
 -256.011978   132.180660     9.884614
 -257.048532   137.010673   -30.888551
 -261.349407   127.648232   -22.961473
 -262.226959   125.557746   -20.258873
 -263.062806   122.965926   -19.708447
 -272.351828    92.344564   -19.708447
 -275.105691    79.749516    -7.861926
 -275.621796    75.166695    -7.861926
 -276.114876    70.478741    -7.546963
 -280.423137    26.735365    -7.546963
 -280.423137    14.808474     4.379929
 -275.956743   -30.538390     4.379929
 -274.347608   -45.849940     5.408229
 -274.221622   -46.967298     5.408229
 -272.168063   -56.357977    14.240662
 -259.189847   -99.141692    14.240662
 -257.251846  -105.151622    15.517023
 -256.329982  -107.347675    18.356470
 -255.072302  -110.085899    20.674598
 -244.688946  -121.150878    71.036977
 -234.756097  -148.094774    20.674598
 -234.239123  -148.864153    21.865810
 -233.647427  -148.660405    29.761174
 -220.010612  -160.457835    70.905778
 -207.193569  -181.818849    21.865810
 -206.871221  -181.496500    27.970880
 -204.206416  -184.806436    16.292484
 -170.377644  -212.568803    16.292484
 -165.758765  -216.014281    12.701470
 -161.791099  -218.680390     6.559473
 -155.340220  -222.352207     4.037596
 -116.480728  -243.122828     4.037596
 -103.356107  -249.151873    -7.074301
 -101.549306  -249.910391    -9.410675
  -89.783588  -253.704718   -11.908658
  -46.725312  -266.765911   -11.908658
  -35.020415  -269.325584   -22.918464
  -33.572019  -269.623169   -24.491976
  -25.312167  -270.491164   -25.046746
   16.488430  -274.608275   -25.046746
   23.474094  -274.608275   -32.032410
   62.975242  -270.717503   -32.032410
   64.415818  -270.566321   -32.128854
   69.671575  -264.984741    12.151914
   64.465778  -270.555895   -32.183158
   66.585805  -270.092356   -34.177634
  105.863656  -258.177628   -34.177634
  106.085651  -258.084225   -33.890040
  106.101725  -257.825739   -31.069274
  150.700062  -234.237828   -33.890040
  151.394719  -233.842060   -33.618520
  152.878303  -232.845474   -31.322114
  152.864401  -232.805506   -30.787762
  200.506803  -193.757904   -31.322114
  204.525297  -190.212506   -28.749843
  205.403284  -189.334519   -27.111600
  208.383486  -185.956377   -24.948999
  248.278230  -137.344324   -24.948999
  253.626955  -130.174027   -19.374804
  254.970653  -128.173903   -16.278174
  258.794522  -121.456283   -13.652033
  282.226037   -77.619070   -13.652033
  286.515182   -68.282696    -5.747112
  288.173409   -64.332407    -0.639497
  290.051023   -58.509718     0.596896
  299.932609   -25.933847     0.596896
  301.627762   -18.181411     7.888835
  302.449273   -14.183334    12.232719
  302.902385    -9.872467    12.522485
  305.198792    13.443055    12.522485
  303.387646    13.443055    -5.867449
  303.152618    16.008809    -5.689767
  299.799673    45.766086    -5.689767
  300.100735    45.967228    -2.817303
  296.630493    63.623841    18.130999
  299.553785    46.232666    -6.326209
  298.779193    47.801834    -8.072191
  291.228333    69.380932    -8.072191
  282.855094    83.070748   -19.969541
  282.205619    84.689006   -17.541501
  282.705650    83.235397   -20.274947
  265.476083   105.327994   -42.404904
  246.795080   135.058770   -42.404904
  231.449644   156.989324   -44.432397
  223.453058   166.555947   -45.941614
  220.147031   170.903306   -43.219464
  208.413896   189.691180    -4.878682
  189.626023   201.424315   -43.219464
  188.708937   202.121578   -43.793783
  186.880848   202.825792   -46.732280
  181.929194   205.569663   -49.163795
  142.268609   230.489976   -49.163795
  131.667169   235.780487   -53.400808
  129.448526   236.145410   -56.581718
  121.748222   238.568236   -58.681762
   72.762123   255.709613   -58.681762
   58.871165   259.647303   -61.746244
   58.024023   259.622541   -62.812339
   45.177439   260.941041   -63.958371
   -1.174265   266.163781   -63.958371
  -16.498414   267.568299   -65.019253
  -20.430891   266.781977   -69.072936
  -31.281694   265.787128   -68.321804
  -76.867061   260.650841   -68.321804
  -86.473652   259.665115   -67.465104
  -96.010300   256.145783   -74.421227
 -102.240052   254.379817   -73.047119
 -138.684104   241.627505   -73.047119
 -146.701109   239.104760   -70.860189
 -156.492768   233.492769   -75.123269
 -160.920063   231.283249   -73.353828
 -186.575000   215.163221   -73.353828
 -193.045428   211.578290   -70.176393
 -198.707812   206.845590   -71.069585
 -202.943957   203.623843   -68.416944
 -219.700427   186.867373   -68.416944
 -225.196425   182.174206   -64.054814
 -228.340408   178.412461   -63.461381
 -231.551728   174.852292   -60.449899
 -244.352262   154.480480   -60.449899
 -248.017129   149.781231   -55.742830
 -252.082107   142.689131   -52.654889
 -252.759387   141.581330   -51.692188
 -264.767951   107.262519   -51.692188
 -265.744120   105.285854   -49.492225
 -269.544095    94.988082   -41.980899
 -270.474213    85.925834   -42.789376
 -275.621796    40.239244   -42.789376
 -276.379011    31.978958   -43.361089
 -277.428164    26.735365   -37.955888
 -275.956743    10.686150   -36.845046
 -271.032024   -33.019864   -36.845046
 -269.106622   -51.783844   -35.171180
 -269.050146   -51.936764   -35.282829
 -267.148203   -58.646564   -33.802719
 -248.311673  -112.477446   -33.802719
 -247.450630  -115.214801   -33.055931
 -247.657854  -115.375975   -31.017577
 -234.553217  -148.024831    17.969825
 -246.665177  -116.221814   -34.064682
 -218.122137  -161.647744   -34.064682
 -218.454477  -161.952715   -30.603129
 -204.191211  -184.791231    16.004890
 -214.689691  -163.951102   -40.201031
 -176.649536  -201.991691   -40.201031
 -175.419660  -202.926588   -40.970845
 -170.086140  -204.981451   -49.543922
 -166.915657  -206.737858   -51.100492
 -118.591632  -237.101602   -51.100492
 -111.345743  -240.717813   -53.996849
 -108.200457  -241.235221   -58.505817
  -99.305900  -244.034266   -60.931684
  -48.463039  -261.824684   -60.931684
  -38.166570  -264.743631   -63.202894
  -36.026559  -264.681073   -65.896805
  -27.394398  -265.567314   -66.667053
   16.308141  -270.491164   -66.667053
   23.474094  -271.148025   -67.163174
   26.434747  -270.555895   -70.214623
   27.186314  -270.371261   -71.103036
   70.968354  -265.438288   -71.103036
   71.057412  -265.403967   -71.182537
   73.962892  -264.331790   -73.301696
  105.870607  -258.061201   -35.446175
   77.911443  -262.382060   -77.695974
  115.153546  -249.350408   -77.695974
  116.605852  -248.462429   -78.957998
  119.750704  -246.659537   -80.327328
  124.288779  -243.120655   -84.872788
  165.571098  -217.181165   -84.872788
  166.027252  -216.928326   -84.649055
  173.776647  -210.450947   -85.871547
  174.576870  -209.514312   -86.615294
  214.075847  -170.014901   -86.615294
  220.639243  -164.410296   -81.405587
  226.107871  -157.867753   -80.373377
  231.622548  -151.753559   -75.201466
  255.090556  -114.404586   -75.201466
  265.115939  -101.549314   -62.324472
  267.338492   -97.671575   -60.635836
  274.693858   -85.645633   -50.184709
  284.869555   -56.565635   -50.184709
  291.427737   -43.284620   -35.404904
  292.830083   -39.484210   -32.633229
  296.955014   -28.737670   -23.026638
  299.945208    -2.200401   -23.026638
  301.627762     4.644507   -14.937083
  292.734508    -2.200401   -46.796141
  292.603310    -0.707259   -46.673631
  285.651532    52.097061   -46.673631
  284.053692    54.627627   -49.040416
  284.046741    54.639791   -49.049105
  277.943408    61.682365   -57.776406
  258.629872   108.309934   -57.776406
  245.448776   122.318623   -71.311998
  241.572340   127.534846   -73.163981
  236.686286   149.483211   -45.636208
  232.446665   134.733815   -81.456416
  201.960412   174.464344   -81.456416
  195.624223   179.063674   -85.997097
  187.686285   180.178860   -97.453065
  185.165711   181.484763   -98.900157
  142.273822   214.396884   -98.900157
  138.045063   216.408737  -100.894634
  130.714026   215.712343  -111.120725
   69.635082   241.012350  -111.120725
   65.503201   242.130143  -112.209411
   63.350157   243.342642  -110.684121
   63.214180   243.355675  -110.698891
   -9.200393   252.889282  -110.698891
  -13.969586   253.308074  -111.090749
  -20.430891   256.107553  -104.261046
  -36.599575   254.688698  -102.933422
  -83.383538   248.529324  -102.933422
  -98.476569   247.075715  -101.293877
  -98.934895   247.207348  -100.704787
 -115.549306   242.712282   -96.325714
 -147.687704   229.399987   -96.325714
 -159.839197   225.809408   -92.374122
 -164.107489   222.637187   -93.889855
 -173.873951   217.990504   -89.283574
 -195.049028   201.742319   -89.283574
 -201.889157   198.199093   -85.357179
 -206.618816   193.469433   -85.357179
 -211.616085   189.841928   -81.776158
 -228.290014   168.111647   -81.776158
 -231.132501   165.869110   -79.193460
 -237.008192   157.963754   -76.386162
 -237.461738   157.481969   -75.920451
 -253.166015   119.567366   -75.920451
 -254.183020   115.808227   -76.911390
 -257.692794   109.577606   -72.497128
 -258.889220    97.152421   -73.846908
 -265.124185    49.793704   -73.846908
 -266.687705    31.978958   -75.309640
 -265.061193    28.224598   -79.277740
 -263.908211    15.091723   -78.199480
 -254.859864   -53.638868   -78.199480
 -254.567492   -56.675112   -77.869747
 -250.598088   -63.722465   -82.862237
 -248.441134   -66.210891   -85.946269
 -223.557313  -126.286731   -85.946269
 -222.820082  -127.070011   -86.703484
 -214.621050  -163.902445   -40.507306
 -218.918885  -128.883330   -92.482296
 -215.438217  -131.629374   -95.644959
 -181.252776  -176.180358   -95.644959
 -180.475577  -176.744685   -96.202336
 -173.446905  -177.732148  -106.346319
 -172.678395  -178.130522  -106.787267
 -122.515855  -216.621183  -106.787267
 -117.982124  -218.778571  -108.925541
 -117.167564  -218.701242  -110.061580
 -113.123873  -219.895930  -111.376605
  -49.174204  -246.384976  -111.376605
  -47.390861  -246.867196  -111.846226
  -40.604167  -250.690196  -107.037934
  -37.088745  -251.028618  -107.419800
   20.017320  -258.546895  -107.419800
   24.136602  -258.908343  -107.757788
   27.186314  -260.229884  -104.534738
   32.791353  -259.738107  -104.074240
   72.636572  -254.492343  -104.074240
   80.748283  -253.710800  -103.193213
   87.579724  -249.863038  -108.032783
   87.757841  -249.814816  -107.985865
  125.562967  -234.155720  -107.985865
  128.582269  -233.263397  -107.004049
  143.005405  -222.544226  -112.125131
  144.347365  -221.905611  -111.492164
  178.069702  -196.029114  -111.492164
  179.884324  -195.089438  -110.450831
  196.469193  -178.504134  -110.450831
  202.087700  -174.426122  -106.424517
  225.115628  -144.415137  -106.424517
  229.951289  -140.600391  -102.030673
  242.369957  -123.890839   -96.097637
  248.660530  -117.205368   -89.638071
  261.222995   -86.876813   -89.638071
  268.223430   -78.798553   -79.627023
  276.573644   -63.974001   -69.124199
  280.310627   -58.057474   -63.590407
  285.711049   -17.036248   -63.590407
  288.691251   -11.531997   -56.659047
  266.776772   -17.036248   -99.014413
  266.063001   -15.976669  -100.088328
  265.662889   -15.524426  -100.663082
  252.734197    66.103143  -100.663082
  247.100485    72.224722  -106.346753
  243.392610    77.135105  -109.417317
  227.435494    88.586729  -124.797942
  200.500721   141.448828  -124.797942
  191.505375   147.772418  -131.500356
  182.836722   148.206850  -141.306786
  171.440272   153.598149  -148.458837
  137.994669   187.043752  -148.458837
  135.702172   188.065101  -149.652656
  130.152740   214.465958  -113.833751
  123.820461   184.694345  -163.973267
   71.251603   211.479239  -163.973267
   71.096511   211.778563  -163.638320
   70.773294   212.075714  -163.338562
    2.639612   222.867436  -163.338562
   -1.794634   226.790789  -157.701374
  -13.969586   234.989387  -145.362207
  -26.293114   233.982374  -144.210963
  -77.821942   225.820703  -144.210963
  -88.521129   224.905790  -142.846847
 -101.179604   231.662508  -127.515313
 -116.000680   227.958108  -123.048919
 -152.748400   209.234096  -123.048919
 -162.457517   206.635759  -119.480496
 -167.188914   207.978153  -113.778144
 -176.200768   203.963569  -109.086280
 -205.236454   174.927448  -109.086280
 -208.508595   173.379568  -107.032721
 -208.989076   173.355674  -106.488812
 -211.398001   171.662259  -104.694175
 -235.480729   124.397813  -104.694175
 -236.868739   118.844471  -106.367606
 -234.922484   115.199154  -110.783171
 -235.641904   106.787250  -111.855349
 -245.494383    44.583128  -111.855349
 -246.831130    28.224598  -113.383680
 -237.522559    14.401411  -127.393672
 -236.167132    12.869605  -129.341230
 -222.933469   -70.684235  -129.341230
 -218.993607   -74.965126  -133.315412
 -216.609011   -78.123446  -135.290340
 -207.736609   -84.490479  -143.842565
 -179.913423  -139.096822  -143.842565
 -177.826846  -140.563030  -145.396962
 -172.280021  -140.841501  -151.671895
 -169.214235  -142.291634  -153.595559
 -128.125238  -183.380631  -153.595559
 -124.744490  -184.886806  -155.356311
 -124.166696  -185.405083  -155.234671
 -123.633648  -185.547577  -155.430599
  -65.869854  -214.979899  -155.430599
  -63.947493  -217.658171  -152.848771
  -52.572330  -226.247758  -145.735384
  -50.705576  -227.965935  -144.002001
   11.098868  -237.754554  -144.002001
   11.972511  -238.527408  -142.892028
   24.136602  -246.718620  -130.563287
   37.759950  -245.605171  -129.290836
   70.901017  -240.356366  -129.290836
   89.525978  -238.763304  -126.916666
   92.873710  -236.235345  -129.009759
  104.947874  -233.217782  -125.371392
  133.855837  -218.488371  -125.371392
  144.454236  -215.651965  -121.475842
  162.073487  -199.841688  -125.180242
  167.956998  -197.221195  -122.117063
  193.167077  -172.010681  -122.117063
  197.474903  -169.973196  -119.414028
  218.053070  -147.039539  -114.592269
  220.365985  -145.413461  -112.868878
  238.878863  -109.079755  -112.868878
  241.607095  -107.122205  -110.239262
  256.233546   -87.751759   -98.126000
  256.426868   -85.491410   -98.414028
  266.251110   -23.463667   -98.414028
  240.120035   -15.524426  -131.787081
  224.284995     2.159557  -147.669475
  215.593751     8.981440  -155.915860
  199.201335    91.391420  -155.915860
  187.229697   100.902002  -164.187876
  179.389071   109.427292  -168.247642
  158.359964   118.850119  -181.767160
  133.486135   156.076148  -181.767160
  124.943033   159.856574  -186.238767
  123.367783   183.986221  -165.062822
  117.775777   157.643144  -192.664448
  109.082796   159.747966  -196.063008
   78.744683   180.018990  -196.063008
   74.244404   181.041642  -197.537905
   71.233357   211.352820  -164.130531
   71.401917   179.006763  -200.461631
   67.441636   179.286972  -201.032040
   16.631792   189.394028  -201.032040
   14.019554   192.722211  -197.874155
    2.639612   202.912244  -187.653712
   -5.582879   202.297523  -186.816127
  -60.184879   191.436292  -186.816127
  -69.645501   190.766399  -185.453314
  -90.434367   205.650468  -164.068842
  -96.621111   204.244646  -162.041783
 -148.441443   169.619126  -162.041783
 -159.920870   173.164090  -151.750093
 -164.353812   177.597032  -144.964702
 -198.416743   115.551478  -151.750093
 -203.612982   118.309686  -145.290526
 -190.636069   104.684166  -162.928893
 -190.725996   103.411715  -163.112223
 -207.341711    19.878728  -163.112223
 -207.865635    12.869605  -163.826429
 -195.051634    -1.441014  -176.678660
 -189.610375    -5.711914  -181.841448
 -173.258796   -87.915974  -181.841448
 -171.759572   -89.107186  -182.877568
 -168.040401   -93.150877  -184.802970
 -163.556630   -95.160125  -187.685859
 -130.369513  -144.827847  -187.685859
 -129.955500  -145.011177  -187.902207
 -128.111771  -146.854471  -187.902207
 -127.074348  -149.199535  -186.674937
  -85.274620  -177.129157  -186.674937
  -83.116363  -181.945703  -183.578307
  -72.053991  -192.120096  -178.310386
  -67.581515  -197.749898  -174.420484
  -11.413824  -208.922182  -174.420484
   -8.961456  -212.046615  -171.455921
   11.098868  -230.009503  -153.439598
   33.893072  -228.305227  -151.117560
   69.310996  -221.260046  -151.117560
   92.143864  -219.643090  -147.828911
   94.364245  -221.233111  -145.544669
  114.149140  -216.736307  -139.062077
  149.285552  -193.258742  -139.062077
  162.716012  -190.007020  -133.811534
  178.185261  -174.537337  -133.811534
  182.290207  -172.720977  -131.662834
  215.868747  -122.467641  -131.662834
  216.549501  -119.472668  -132.644215
  224.823256  -110.476453  -128.360283
  225.697767   -98.122515  -130.139716
  238.910577   -31.699191  -130.139716
  195.122455     8.981440  -172.716207
  164.397698    37.671318  -193.247890
  151.712723    45.009306  -201.078958
  131.628070   119.966174  -201.078958
  120.619568   126.466578  -206.032350
  115.550183   131.425617  -207.337383
  101.975057   134.775521  -212.611820
   79.512759   157.237819  -212.611820
   72.242108   158.883446  -214.999458
   66.968105   154.944453  -218.909779
   60.699254   155.291564  -219.883340
   26.423451   164.475453  -219.883340
   19.210580   164.980263  -220.646637
   16.631792   167.741946  -218.801171
    7.251106   167.085519  -217.808494
  -48.638984   152.109785  -217.808494
  -58.675228   151.554147  -216.250187
  -68.778809   159.099359  -208.759279
  -70.839319   162.170792  -206.111851
 -147.500464   168.678147  -163.208232
 -129.631848    98.246320  -208.759279
 -142.239929   106.704708  -197.891967
 -128.015327    96.081546  -210.364070
 -128.514489    87.071430  -211.763375
 -152.500774    -2.447159  -211.763375
 -152.729285    -5.711914  -212.108748
 -146.622042   -11.414700  -216.190235
 -146.148512   -18.180976  -215.473857
 -129.054488   -81.977291  -215.473857
 -128.279027   -95.981201  -213.299091
 -128.750820   -96.613299  -212.830339
 -126.639482  -105.942723  -209.767161
  -98.448766  -134.133004  -209.767161
  -95.982496  -144.127543  -205.883774
  -91.644694  -148.561789  -204.742088
  -86.073540  -157.996345  -200.497254
  -37.497980  -171.012357  -200.497254
  -33.368271  -178.150941  -196.089943
  -11.413824  -201.662826  -180.378282
   10.745241  -200.112339  -178.033219
   73.146160  -183.391926  -178.033219
   82.442567  -182.877125  -176.589602
   93.338986  -191.014902  -168.510907
  101.389008  -189.192895  -165.867390
  171.063620  -119.518717  -165.867390
  173.663260  -121.262961  -163.626590
  167.525607  -114.781673  -169.379337
  168.006523  -106.099987  -170.727813
  193.807864    -9.807737  -170.727813
  116.617582    45.009306  -219.837725
   97.557319    61.396943  -227.678785
   93.760820    63.008686  -229.032909
   65.036621   132.354432  -229.032909
   66.237825   133.555636  -228.297850
   57.811586   129.435919  -231.591278
   25.505062   142.817723  -231.591278
   19.210580   143.296467  -232.237278
    9.172163   131.620242  -237.040357
    8.755109   130.638427  -237.390509
  -57.030904   103.388690  -237.390509
  -57.141684   103.115867  -237.459583
  -66.283433    93.974118  -237.459583
  -66.826907    84.152483  -238.984873
  -99.512255     5.243154  -238.984873
  -99.967974    -0.755915  -239.600463
 -112.365789   -11.414700  -234.500234
 -110.896541   -30.745179  -232.517052
  -95.578909   -67.724886  -232.517052
  -94.829514   -81.262216  -230.414402
 -100.390676   -95.028926  -225.539643
  -97.368334  -102.486817  -223.657250
  -50.937997  -121.719115  -223.657250
  -46.356479  -132.510401  -219.808184
  -38.176562  -142.024458  -215.893953
  -37.497980  -144.176634  -214.840890
   66.773914   -98.552603  -215.893953
   80.015831  -111.794519  -207.789192
   63.858442   -91.335387  -218.449715
   64.169061   -85.725134  -219.321185
  116.234847    39.972069  -219.321185
   38.587977    63.008686  -245.769395
   38.581895    63.052998  -245.765485
   56.832376   128.456710  -232.011374
    8.755109   115.041020  -242.121906
    1.578295   100.056598  -245.765485
   -8.126043    89.438649  -247.767347
   -9.807729    82.732760  -248.593202
  -54.077636    38.462853  -248.593202
  -56.332337    21.457453  -250.046377
  -80.636626    -0.755915  -245.464424
  -79.430643    -9.853352  -244.687226
  -46.834788   -42.448773  -244.687226
  -46.834788   -60.447718  -241.727876
  -50.937997   -69.014714  -239.644775
  -43.924095   -30.842492  -246.117375
   28.613422    41.695460  -246.117375
   30.453675    55.573819  -247.302940
   -9.807729    55.573819  -251.268433
  -43.924530    21.457453  -251.268433
     1      2      3
     1      3      4
     1      4      5
     1      5      6
     3      7      8
     3      8      9
     3      9      4
     8     10     11
     8     11     12
     8     12      9
     4      9     12
     4     12     13
     4     13      5
    14     15     16
    14     16     17
    14     17     18
    14     18     19
    14     19     20
     6     14     20
     6     20     21
     6     21      1
    20     19     22
    20     22     23
    20     23     24
    20     24     21
     1     21     24
     1     24     25
     1     25     26
     1     26      2
     2     26     27
     2     27     28
     2     28      7
     2      7      3
    28     29     30
    28     30     10
    28     10      8
    28      8      7
    31     32     33
    31     33     34
    31     34     35
    31     35     30
    31     30     29
    30     35     36
    30     36     11
    30     11     10
    36     35     34
    36     34     37
    36     37     38
    36     38     39
    12     11     36
    12     36     39
    12     39     40
    12     40     41
    12     41     13
     5     13     41
     5     41     42
     5     42     15
     5     15     14
     5     14      6
    42     43     44
    42     44     16
    42     16     15
    45     46     47
    45     47     48
    45     48     49
    45     49     50
    16     44     45
    16     45     50
    16     50     51
    16     51     17
    17     51     52
    17     52     53
    17     53     54
    17     54     55
    17     55     18
    18     55     56
    18     56     22
    18     22     19
    54     57     58
    54     58     59
    54     59     56
    54     56     55
    22     56     59
    22     59     60
    22     60     23
    24     23     60
    24     60     61
    24     61     62
    24     62     25
    25     62     63
    25     63     64
    25     64     27
    25     27     26
    27     64     65
    27     65     66
    27     66     67
    27     67     31
    27     31     29
    27     29     28
    67     68     69
    67     69     70
    67     70     71
    67     71     32
    67     32     31
    70     72     73
    70     73     74
    70     74     71
    71     74     75
    71     75     33
    71     33     32
    73     76     77
    73     77     78
    73     78     75
    73     75     74
    33     75     78
    33     78     79
    33     79     37
    33     37     34
    37     79     80
    37     80     81
    37     81     38
    39     38     81
    39     81     82
    39     82     83
    39     83     84
    39     84     40
    41     40     84
    41     84     85
    41     85     86
    41     86     43
    41     43     42
    85     87     88
    85     88     89
    85     89     90
    85     90     86
    86     90     46
    86     46     45
    86     45     44
    86     44     43
    89     91     92
    89     92     47
    89     47     46
    89     46     90
    93     94     95
    93     95     96
    93     96     97
    93     97     98
    47     92     93
    47     93     98
    47     98     99
    47     99     48
    48     99    100
    48    100    101
    48    101    102
    48    102     49
    50     49    102
    50    102    103
    50    103     52
    50     52     51
    52    103    104
    52    104    105
    52    105    106
    52    106    107
    52    107     53
    53    107    108
    53    108     57
    53     57     54
   106    109    110
   106    110    108
   106    108    107
    58     57    108
    58    108    110
    58    110    111
    60     59     58
    60     58    111
    60    111    112
    60    112     61
    61    112    113
    61    113    114
    61    114    115
    61    115     63
    61     63     62
    63    115    116
    63    116     65
    63     65     64
    65    116    117
    65    117    118
    65    118    119
    65    119     66
    66    119    120
    66    120     68
    66     68     67
   120    121    122
   120    122    123
   120    123    124
   120    124     69
   120     69     68
    69    124    125
    69    125     72
    69     72     70
   125    126    127
   125    127     76
   125     76     73
   125     73     72
   128    129    130
   128    130    131
   128    131    127
   128    127    126
   127    131    132
   127    132     77
   127     77     76
   132    131    130
   132    130    133
    78     77    132
    78    132    133
    78    133    134
    78    134    135
    78    135    136
    78    136     80
    78     80     79
    81     80    136
    81    136    137
    81    137     82
    82    137    138
    82    138    139
    82    139    140
    82    140    141
    82    141     83
    84     83    141
    84    141    142
    84    142     87
    84     87     85
   142    143    144
   142    144    145
   142    145     88
   142     88     87
    88    145    146
    88    146    147
    88    147     91
    88     91     89
   146    148    149
   146    149    150
   146    150    147
   147    150    151
   147    151     94
   147     94     93
   147     93     92
   147     92     91
   151    152    153
   151    153     95
   151     95     94
   154    155    156
   154    156    157
   154    157    158
   154    158    159
   154    159    160
   154    160    161
   154    161    162
    96    163    154
    96    154    162
    96    162    164
    96    164     97
   164    162    161
   164    161    165
   164    165    166
   164    166    167
    98     97    164
    98    164    167
    98    167    168
    98    168    100
    98    100     99
   100    168    169
   100    169    170
   100    170    171
   100    171    101
   102    101    171
   102    171    172
   102    172    104
   102    104    103
   104    172    173
   104    173    174
   104    174    175
   104    175    176
   104    176    105
   105    176    177
   105    177    178
   105    178    109
   105    109    106
   175    179    180
   175    180    177
   175    177    176
   178    177    180
   178    180    181
   178    181    182
   111    110    109
   111    109    178
   111    178    182
   111    182    113
   111    113    112
   113    182    181
   113    181    183
   113    183    184
   113    184    185
   113    185    114
   114    185    186
   114    186    117
   114    117    116
   114    116    115
   184    187    188
   184    188    189
   184    189    190
   184    190    186
   184    186    185
   117    186    190
   117    190    191
   117    191    118
   190    189    192
   190    192    193
   190    193    191
   118    191    193
   118    193    194
   118    194    121
   118    121    120
   118    120    119
   194    195    196
   194    196    197
   194    197    198
   194    198    122
   194    122    121
   122    198    199
   122    199    200
   122    200    201
   122    201    123
   123    201    202
   123    202    203
   123    203    128
   123    128    126
   123    126    125
   123    125    124
   202    204    205
   202    205    203
   203    205    206
   203    206    129
   203    129    128
   207    208    209
   207    209    206
   207    206    205
   207    205    204
   133    130    129
   133    129    206
   133    206    209
   133    209    134
   134    209    208
   134    208    210
   134    210    211
   134    211    135
   136    135    211
   136    211    212
   136    212    213
   136    213    138
   136    138    137
   138    213    214
   138    214    215
   138    215    139
   139    215    216
   139    216    217
   139    217    218
   139    218    219
   139    219    140
   141    140    219
   141    219    220
   141    220    143
   141    143    142
   220    221    222
   220    222    223
   220    223    144
   220    144    143
   144    223    224
   144    224    148
   144    148    146
   144    146    145
   224    225    226
   224    226    149
   224    149    148
   149    226    227
   149    227    228
   149    228    152
   149    152    151
   149    151    150
   228    229    230
   228    230    153
   228    153    152
    95    153    230
    95    230    231
    95    231    232
    95    232    163
    95    163     96
   232    233    155
   232    155    154
   232    154    163
   157    234    235
   157    235    236
   157    236    237
   157    237    238
   157    238    239
   157    239    158
   158    239    240
   158    240    241
   158    241    159
   159    241    242
   159    242    243
   159    243    160
   161    160    243
   161    243    244
   161    244    165
   165    244    245
   165    245    246
   165    246    166
   167    166    246
   167    246    247
   167    247    248
   167    248    249
   167    249    169
   167    169    168
   169    249    250
   169    250    251
   169    251    170
   171    170    251
   171    251    252
   171    252    253
   171    253    173
   171    173    172
   173    253    254
   173    254    255
   173    255    256
   173    256    257
   173    257    174
   174    257    258
   174    258    259
   174    259    179
   174    179    175
   256    260    261
   256    261    258
   256    258    257
   259    258    261
   259    261    262
   259    262    263
   259    263    264
   181    180    179
   181    179    259
   181    259    264
   181    264    265
   181    265    183
   264    263    266
   264    266    267
   264    267    268
   264    268    265
   183    265    268
   183    268    269
   183    269    187
   183    187    184
   268    267    270
   268    270    271
   268    271    272
   268    272    273
   268    273    269
   269    273    274
   269    274    188
   269    188    187
   272    275    276
   272    276    277
   272    277    274
   272    274    273
   188    274    277
   188    277    278
   188    278    192
   188    192    189
   278    277    276
   278    276    279
   278    279    280
   193    192    278
   193    278    280
   193    280    281
   193    281    195
   193    195    194
   281    282    283
   281    283    284
   281    284    285
   281    285    196
   281    196    195
   196    285    286
   196    286    287
   196    287    288
   196    288    197
   197    288    289
   197    289    199
   197    199    198
   199    289    290
   199    290    291
   199    291    292
   199    292    200
   200    292    293
   200    293    207
   200    207    204
   200    204    202
   200    202    201
   291    294    295
   291    295    293
   291    293    292
   293    295    296
   293    296    210
   293    210    208
   293    208    207
   296    295    294
   296    294    297
   296    297    298
   211    210    296
   211    296    298
   211    298    299
   211    299    212
   212    299    300
   212    300    301
   212    301    302
   212    302    214
   212    214    213
   214    302    303
   214    303    304
   214    304    216
   214    216    215
   216    304    305
   216    305    306
   216    306    217
   217    306    307
   217    307    308
   217    308    309
   217    309    310
   217    310    311
   217    311    218
   219    218    311
   219    311    312
   219    312    313
   219    313    314
   219    314    221
   219    221    220
   313    315    316
   313    316    314
   314    316    317
   314    317    318
   314    318    222
   314    222    221
   222    318    319
   222    319    320
   222    320    225
   222    225    224
   222    224    223
   320    321    322
   320    322    227
   320    227    226
   320    226    225
   227    322    323
   227    323    229
   227    229    228
   230    229    323
   230    323    324
   230    324    325
   230    325    231
   231    325    326
   231    326    327
   231    327    233
   231    233    232
   327    328    329
   327    329    156
   327    156    155
   327    155    233
   156    329    330
   156    330    234
   156    234    157
   236    331    332
   236    332    333
   236    333    334
   236    334    237
   237    334    335
   237    335    336
   237    336    337
   237    337    238
   238    337    338
   238    338    339
   238    339    240
   238    240    239
   240    339    340
   240    340    341
   240    341    242
   240    242    241
   243    242    341
   243    341    342
   243    342    343
   243    343    245
   243    245    244
   246    245    343
   246    343    344
   246    344    345
   246    345    247
   247    345    346
   247    346    347
   247    347    248
   248    347    348
   248    348    349
   248    349    250
   248    250    249
   251    250    349
   251    349    350
   251    350    351
   251    351    352
   251    352    252
   252    352    353
   252    353    354
   252    354    254
   252    254    253
   254    354    355
   254    355    356
   254    356    255
   255    356    357
   255    357    260
   255    260    256
   261    260    357
   261    357    358
   261    358    359
   261    359    360
   261    360    361
   261    361    262
   360    362    363
   360    363    364
   360    364    361
   262    361    364
   262    364    365
   262    365    366
   262    366    266
   262    266    263
   365    367    368
   365    368    369
   365    369    370
   365    370    366
   266    366    370
   266    370    371
   266    371    270
   266    270    267
   370    369    372
   370    372    373
   370    373    374
   370    374    375
   370    375    376
   370    376    371
   270    371    376
   270    376    377
   270    377    271
   376    375    378
   376    378    379
   376    379    380
   376    380    377
   271    377    380
   271    380    381
   271    381    275
   271    275    272
   380    379    382
   380    382    383
   380    383    384
   380    384    381
   276    275    381
   276    381    384
   276    384    385
   276    385    279
   385    384    383
   385    383    386
   385    386    387
   385    387    388
   280    279    385
   280    385    388
   280    388    389
   280    389    282
   280    282    281
   389    390    391
   389    391    392
   389    392    393
   389    393    283
   389    283    282
   283    393    394
   283    394    395
   283    395    284
   284    395    396
   284    396    397
   284    397    286
   284    286    285
   286    397    398
   286    398    399
   286    399    400
   286    400    287
   287    400    401
   287    401    290
   287    290    289
   287    289    288
   399    402    403
   399    403    401
   399    401    400
   290    401    403
   290    403    404
   290    404    297
   290    297    294
   290    294    291
   403    402    405
   403    405    406
   403    406    407
   403    407    404
   298    297    404
   298    404    407
   298    407    300
   298    300    299
   300    407    406
   300    406    408
   300    408    409
   300    409    410
   300    410    301
   301    410    411
   301    411    303
   301    303    302
   303    411    412
   303    412    413
   303    413    414
   303    414    305
   303    305    304
   305    414    415
   305    415    416
   305    416    307
   305    307    306
   307    416    417
   307    417    418
   307    418    308
   308    418    419
   308    419    420
   308    420    421
   308    421    422
   308    422    423
   308    423    309
   309    423    424
   309    424    310
   311    310    424
   311    424    425
   311    425    426
   311    426    427
   311    427    312
   312    427    428
   312    428    315
   312    315    313
   428    429    430
   428    430    431
   428    431    317
   428    317    316
   428    316    315
   317    431    432
   317    432    319
   317    319    318
   319    432    433
   319    433    434
   319    434    321
   319    321    320
   434    435    436
   434    436    324
   434    324    323
   434    323    322
   434    322    321
   324    436    437
   324    437    326
   324    326    325
   326    437    438
   326    438    439
   326    439    328
   326    328    327
   439    440    441
   439    441    330
   439    330    329
   439    329    328
   330    441    442
   330    442    443
   330    443    235
   330    235    234
   235    443    444
   235    444    445
   235    445    331
   235    331    236
   332    446    447
   332    447    333
   333    447    448
   333    448    449
   333    449    450
   333    450    335
   333    335    334
   335    450    451
   335    451    336
   336    451    452
   336    452    338
   336    338    337
   453    340    339
   453    339    338
   453    338    452
   453    452    454
   453    454    455
   341    340    453
   341    453    342
   344    456    346
   344    346    345
   346    456    457
   346    457    348
   346    348    347
   349    348    457
   349    457    458
   349    458    459
   349    459    460
   349    460    350
   350    460    461
   350    461    462
   350    462    351
   351    462    463
   351    463    464
   351    464    353
   351    353    352
   353    464    465
   353    465    466
   353    466    355
   353    355    354
   355    466    467
   355    467    468
   355    468    358
   355    358    357
   355    357    356
   358    468    469
   358    469    470
   358    470    359
   359    470    471
   359    471    472
   359    472    362
   359    362    360
   472    473    474
   472    474    363
   472    363    362
   364    363    474
   364    474    475
   364    475    476
   364    476    367
   364    367    365
   476    477    478
   476    478    368
   476    368    367
   368    478    479
   368    479    480
   368    480    372
   368    372    369
   372    480    481
   372    481    482
   372    482    483
   372    483    373
   373    483    484
   373    484    485
   373    485    486
   373    486    374
   485    487    488
   485    488    489
   485    489    486
   374    486    489
   374    489    490
   374    490    491
   374    491    378
   374    378    375
   490    492    493
   490    493    494
   490    494    491
   378    491    494
   378    494    495
   378    495    496
   378    496    382
   378    382    379
   496    495    497
   496    497    498
   496    498    499
   383    382    496
   383    496    499
   383    499    500
   383    500    386
   386    500    501
   386    501    502
   386    502    387
   388    387    502
   388    502    503
   388    503    504
   388    504    390
   388    390    389
   504    505    506
   504    506    391
   504    391    390
   391    506    507
   391    507    508
   391    508    392
   392    508    509
   392    509    510
   392    510    394
   392    394    393
   394    510    511
   394    511    512
   394    512    513
   394    513    396
   394    396    395
   396    513    514
   396    514    515
   396    515    398
   396    398    397
   514    516    517
   514    517    518
   514    518    515
   398    515    518
   398    518    519
   398    519    405
   398    405    402
   398    402    399
   518    517    520
   518    520    521
   518    521    519
   406    405    519
   406    519    521
   406    521    408
   408    521    520
   408    520    522
   408    522    523
   408    523    409
   409    523    524
   409    524    412
   409    412    411
   409    411    410
   412    524    525
   412    525    526
   412    526    527
   412    527    413
   413    527    528
   413    528    415
   413    415    414
   415    528    529
   415    529    530
   415    530    531
   415    531    417
   415    417    416
   417    531    532
   417    532    419
   417    419    418
   419    532    533
   419    533    534
   419    534    535
   419    535    420
   420    535    536
   420    536    537
   420    537    421
   421    537    538
   421    538    539
   421    539    422
   539    538    540
   539    540    541
   539    541    542
   539    542    543
   539    543    544
   424    423    422
   424    422    539
   424    539    544
   424    544    425
   425    544    543
   425    543    545
   425    545    546
   425    546    547
   425    547    548
   425    548    426
   426    548    429
   426    429    428
   426    428    427
   547    549    550
   547    550    551
   547    551    430
   547    430    429
   547    429    548
   430    551    552
   430    552    433
   430    433    432
   430    432    431
   433    552    553
   433    553    554
   433    554    555
   433    555    435
   433    435    434
   555    556    438
   555    438    437
   555    437    436
   555    436    435
   438    556    557
   438    557    558
   438    558    559
   438    559    440
   438    440    439
   559    560    442
   559    442    441
   559    441    440
   442    560    561
   442    561    562
   442    562    563
   442    563    444
   442    444    443
   444    563    564
   444    564    445
   445    564    565
   445    565    446
   445    446    332
   445    332    331
   565    566    567
   565    567    448
   565    448    447
   565    447    446
   448    567    568
   448    568    569
   448    569    449
   452    451    450
   452    450    449
   452    449    569
   452    569    570
   452    570    454
   570    569    568
   570    568    571
   570    571    572
   570    572    573
   455    454    570
   455    570    573
   455    573    574
   455    574    575
   575    574    576
   575    576    577
   575    577    578
   458    579    580
   458    580    581
   458    581    582
   458    582    459
   581    583    582
   459    582    583
   459    583    584
   459    584    461
   459    461    460
   461    584    585
   461    585    586
   461    586    587
   461    587    463
   461    463    462
   463    587    588
   463    588    465
   463    465    464
   465    588    589
   465    589    590
   465    590    591
   465    591    467
   465    467    466
   467    591    592
   467    592    469
   467    469    468
   469    592    593
   469    593    594
   469    594    595
   469    595    471
   469    471    470
   471    595    596
   471    596    473
   471    473    472
   474    473    596
   474    596    597
   474    597    598
   474    598    475
   475    598    599
   475    599    600
   475    600    477
   475    477    476
   600    601    602
   600    602    479
   600    479    478
   600    478    477
   479    602    603
   479    603    604
   479    604    481
   479    481    480
   481    604    605
   481    605    606
   481    606    482
   482    606    607
   482    607    608
   482    608    484
   482    484    483
   484    608    609
   484    609    610
   484    610    487
   484    487    485
   610    611    612
   610    612    488
   610    488    487
   489    488    612
   489    612    613
   489    613    614
   489    614    492
   489    492    490
   614    615    616
   614    616    493
   614    493    492
   494    493    616
   494    616    617
   494    617    618
   494    618    497
   494    497    495
   497    618    619
   497    619    620
   497    620    498
   499    498    620
   499    620    621
   499    621    501
   499    501    500
   502    501    621
   502    621    622
   502    622    623
   502    623    503
   503    623    624
   503    624    625
   503    625    505
   503    505    504
   625    626    507
   625    507    506
   625    506    505
   507    626    627
   507    627    628
   507    628    509
   507    509    508
   509    628    629
   509    629    630
   509    630    511
   509    511    510
   511    630    631
   511    631    632
   511    632    633
   511    633    512
   512    633    634
   512    634    516
   512    516    514
   512    514    513
   632    635    636
   632    636    637
   632    637    634
   632    634    633
   520    517    516
   520    516    634
   520    634    637
   520    637    638
   520    638    522
   637    636    639
   637    639    640
   637    640    638
   522    638    640
   522    640    641
   522    641    525
   522    525    524
   522    524    523
   525    641    642
   525    642    643
   525    643    644
   525    644    526
   526    644    645
   526    645    529
   526    529    528
   526    528    527
   529    645    646
   529    646    647
   529    647    648
   529    648    530
   530    648    649
   530    649    533
   530    533    532
   530    532    531
   533    649    650
   533    650    651
   533    651    652
   533    652    534
   534    652    653
   534    653    536
   534    536    535
   536    653    654
   536    654    540
   536    540    538
   536    538    537
   540    654    655
   540    655    656
   540    656    541
   541    656    657
   541    657    658
   541    658    659
   541    659    542
   659    658    660
   659    660    661
   543    542    659
   543    659    661
   543    661    662
   543    662    663
   543    663    545
   545    663    664
   545    664    665
   545    665    666
   545    666    546
   546    666    667
   546    667    549
   546    549    547
   667    668    669
   667    669    670
   667    670    550
   667    550    549
   550    670    671
   550    671    672
   550    672    553
   550    553    552
   550    552    551
   553    672    673
   553    673    674
   553    674    554
   554    674    675
   554    675    676
   554    676    557
   554    557    556
   554    556    555
   676    677    678
   676    678    558
   676    558    557
   558    678    679
   558    679    680
   558    680    561
   558    561    560
   558    560    559
   680    681    682
   680    682    562
   680    562    561
   562    682    566
   562    566    565
   562    565    564
   562    564    563
   568    567    566
   568    566    682
   568    682    681
   568    681    683
   568    683    684
   568    684    571
   571    684    685
   571    685    572
   573    572    685
   573    685    686
   573    686    687
   573    687    576
   573    576    574
   576    687    688
   576    688    689
   576    689    577
   578    577    689
   578    689    690
   578    690    691
   578    691    692
   692    691    693
   692    693    694
   692    694    580
   692    580    579
   580    694    695
   580    695    585
   580    585    584
   580    584    583
   580    583    581
   585    695    696
   585    696    697
   585    697    698
   585    698    586
   586    698    699
   586    699    589
   586    589    588
   586    588    587
   589    699    700
   589    700    701
   589    701    590
   590    701    702
   590    702    703
   590    703    593
   590    593    592
   590    592    591
   593    703    704
   593    704    705
   593    705    594
   594    705    706
   594    706    707
   594    707    597
   594    597    596
   594    596    595
   597    707    708
   597    708    599
   597    599    598
   599    708    709
   599    709    710
   599    710    711
   599    711    601
   599    601    600
   711    712    603
   711    603    602
   711    602    601
   603    712    713
   603    713    714
   603    714    605
   603    605    604
   605    714    715
   605    715    716
   605    716    607
   605    607    606
   607    716    717
   607    717    718
   607    718    609
   607    609    608
   609    718    719
   609    719    720
   609    720    611
   609    611    610
   612    611    720
   612    720    721
   612    721    722
   612    722    613
   613    722    723
   613    723    724
   613    724    615
   613    615    614
   616    615    724
   616    724    725
   616    725    617
   619    618    617
   619    617    725
   619    725    726
   619    726    727
   621    620    619
   621    619    727
   621    727    728
   621    728    729
   621    729    622
   622    729    730
   622    730    624
   622    624    623
   624    730    731
   624    731    732
   624    732    627
   624    627    626
   624    626    625
   732    733    734
   732    734    629
   732    629    628
   732    628    627
   629    734    735
   629    735    631
   629    631    630
   631    735    736
   631    736    737
   631    737    635
   631    635    632
   737    738    739
   737    739    639
   737    639    636
   737    636    635
   739    738    740
   739    740    741
   739    741    742
   640    639    739
   640    739    742
   640    742    743
   640    743    642
   640    642    641
   642    743    744
   642    744    745
   642    745    746
   642    746    643
   643    746    747
   643    747    646
   643    646    645
   643    645    644
   646    747    748
   646    748    749
   646    749    750
   646    750    647
   647    750    751
   647    751    752
   647    752    650
   647    650    649
   647    649    648
   650    752    753
   650    753    754
   650    754    651
   651    754    755
   651    755    756
   651    756    655
   651    655    654
   651    654    653
   651    653    652
   655    756    757
   655    757    657
   655    657    656
   657    757    758
   657    758    759
   657    759    660
   657    660    658
   661    660    759
   661    759    760
   661    760    761
   661    761    662
   662    761    762
   662    762    763
   662    763    664
   662    664    663
   664    763    764
   664    764    765
   664    765    665
   665    765    766
   665    766    767
   665    767    668
   665    668    667
   665    667    666
   767    768    769
   767    769    669
   767    669    668
   669    769    770
   669    770    771
   669    771    671
   669    671    670
   671    771    772
   671    772    773
   671    773    673
   671    673    672
   673    773    774
   673    774    775
   673    775    675
   673    675    674
   675    775    776
   675    776    777
   675    777    677
   675    677    676
   777    778    779
   777    779    679
   777    679    678
   777    678    677
   679    779    683
   679    683    681
   679    681    680
   685    684    683
   685    683    779
   685    779    778
   685    778    780
   685    780    781
   685    781    686
   686    781    782
   686    782    783
   686    783    688
   686    688    687
   689    688    783
   689    783    784
   689    784    785
   689    785    690
   690    785    786
   690    786    787
   690    787    693
   690    693    691
   693    787    788
   693    788    696
   693    696    695
   693    695    694
   696    788    789
   696    789    790
   696    790    791
   696    791    697
   697    791    792
   697    792    793
   697    793    700
   697    700    699
   697    699    698
   792    794    795
   792    795    796
   792    796    793
   700    793    796
   700    796    797
   700    797    702
   700    702    701
   702    797    798
   702    798    799
   702    799    704
   702    704    703
   704    799    800
   704    800    706
   704    706    705
   706    800    801
   706    801    709
   706    709    708
   706    708    707
   709    801    802
   709    802    803
   709    803    804
   709    804    710
   710    804    805
   710    805    713
   710    713    712
   710    712    711
   805    806    807
   805    807    808
   805    808    715
   805    715    714
   805    714    713
   715    808    809
   715    809    717
   715    717    716
   717    809    810
   717    810    811
   717    811    812
   717    812    719
   717    719    718
   719    812    813
   719    813    721
   719    721    720
   721    813    814
   721    814    723
   721    723    722
   725    724    723
   725    723    814
   725    814    815
   725    815    726
   727    726    815
   727    815    816
   727    816    817
   727    817    818
   727    818    728
   728    818    819
   728    819    731
   728    731    730
   728    730    729
   731    819    820
   731    820    733
   731    733    732
   820    821    822
   820    822    736
   820    736    735
   820    735    734
   820    734    733
   736    822    823
   736    823    824
   736    824    740
   736    740    738
   736    738    737
   824    825    826
   824    826    741
   824    741    740
   742    741    826
   742    826    827
   742    827    744
   742    744    743
   744    827    828
   744    828    829
   744    829    830
   744    830    745
   745    830    831
   745    831    832
   745    832    748
   745    748    747
   745    747    746
   748    832    833
   748    833    834
   748    834    835
   748    835    749
   749    835    836
   749    836    837
   749    837    751
   749    751    750
   751    837    838
   751    838    839
   751    839    753
   751    753    752
   753    839    840
   753    840    755
   753    755    754
   755    840    841
   755    841    758
   755    758    757
   755    757    756
   759    758    841
   759    841    842
   759    842    843
   759    843    760
   760    843    844
   760    844    845
   760    845    762
   760    762    761
   762    845    846
   762    846    847
   762    847    764
   762    764    763
   764    847    848
   764    848    849
   764    849    766
   764    766    765
   766    849    850
   766    850    851
   766    851    768
   766    768    767
   851    852    853
   851    853    770
   851    770    769
   851    769    768
   770    853    854
   770    854    855
   770    855    772
   770    772    771
   772    855    856
   772    856    774
   772    774    773
   774    856    857
   774    857    858
   774    858    776
   774    776    775
   776    858    780
   776    780    778
   776    778    777
   783    782    859
   783    859    860
   783    860    784
   784    860    861
   784    861    862
   784    862    786
   784    786    785
   786    862    863
   786    863    864
   786    864    789
   786    789    788
   786    788    787
   789    864    865
   789    865    866
   789    866    790
   790    866    867
   790    867    868
   790    868    794
   790    794    792
   790    792    791
   867    869    870
   867    870    871
   867    871    868
   868    871    872
   868    872    873
   868    873    795
   868    795    794
   873    872    874
   873    874    875
   873    875    876
   873    876    877
   796    795    873
   796    873    877
   796    877    878
   796    878    798
   796    798    797
   798    878    879
   798    879    802
   798    802    801
   798    801    800
   798    800    799
   802    879    880
   802    880    881
   802    881    882
   802    882    803
   803    882    883
   803    883    806
   803    806    805
   803    805    804
   883    884    885
   883    885    886
   883    886    807
   883    807    806
   807    886    810
   807    810    809
   807    809    808
   811    810    886
   811    886    885
   811    885    887
   811    887    888
   815    814    813
   815    813    812
   815    812    811
   815    811    888
   815    888    816
   816    888    887
   816    887    889
   816    889    890
   816    890    891
   816    891    817
   817    891    892
   817    892    821
   817    821    820
   817    820    819
   817    819    818
   892    893    823
   892    823    822
   892    822    821
   823    893    894
   823    894    895
   823    895    825
   823    825    824
   826    825    895
   826    895    896
   826    896    897
   826    897    828
   826    828    827
   828    897    898
   828    898    899
   828    899    829
   829    899    900
   829    900    901
   829    901    902
   829    902    831
   829    831    830
   831    902    903
   831    903    904
   831    904    833
   831    833    832
   833    904    905
   833    905    906
   833    906    834
   834    906    907
   834    907    908
   834    908    836
   834    836    835
   836    908    909
   836    909    838
   836    838    837
   841    840    839
   841    839    838
   841    838    909
   841    909    910
   841    910    842
   842    910    911
   842    911    912
   842    912    913
   842    913    844
   842    844    843
   844    913    914
   844    914    846
   844    846    845
   846    914    915
   846    915    916
   846    916    848
   846    848    847
   848    916    917
   848    917    918
   848    918    850
   848    850    849
   850    918    919
   850    919    852
   850    852    851
   919    920    921
   919    921    854
   919    854    853
   919    853    852
   854    921    922
   854    922    923
   854    923    857
   854    857    856
   854    856    855
   857    923    859
   857    859    782
   857    782    781
   857    781    780
   857    780    858
   861    924    925
   861    925    863
   861    863    862
   863    925    926
   863    926    927
   863    927    865
   863    865    864
   865    927    928
   865    928    929
   865    929    869
   865    869    867
   865    867    866
   929    930    931
   929    931    870
   929    870    869
   870    931    932
   870    932    874
   870    874    872
   870    872    871
   874    932    933
   874    933    934
   874    934    935
   874    935    875
   875    935    936
   875    936    937
   875    937    876
   877    876    937
   877    937    938
   877    938    880
   877    880    879
   877    879    878
   880    938    939
   880    939    940
   880    940    941
   880    941    942
   880    942    881
   881    942    943
   881    943    884
   881    884    883
   881    883    882
   943    942    941
   943    941    944
   943    944    945
   887    885    884
   887    884    943
   887    943    945
   887    945    889
   889    945    944
   889    944    946
   889    946    947
   889    947    948
   889    948    890
   890    948    949
   890    949    894
   890    894    893
   890    893    892
   890    892    891
   949    950    951
   949    951    896
   949    896    895
   949    895    894
   896    951    952
   896    952    953
   896    953    954
   896    954    898
   896    898    897
   898    954    955
   898    955    900
   898    900    899
   900    955    956
   900    956    957
   900    957    901
   901    957    958
   901    958    959
   901    959    903
   901    903    902
   903    959    960
   903    960    961
   903    961    905
   903    905    904
   905    961    962
   905    962    907
   905    907    906
   909    908    907
   909    907    962
   909    962    963
   909    963    911
   909    911    910
   911    963    964
   911    964    965
   911    965    966
   911    966    912
   912    966    967
   912    967    915
   912    915    914
   912    914    913
   915    967    968
   915    968    969
   915    969    917
   915    917    916
   917    969    920
   917    920    919
   917    919    918
   968    970    971
   968    971    972
   968    972    922
   968    922    921
   968    921    920
   968    920    969
   859    923    922
   859    922    972
   859    972    924
   859    924    861
   859    861    860
   926    973    974
   926    974    928
   926    928    927
   928    974    975
   928    975    976
   928    976    977
   928    977    930
   928    930    929
   977    933    932
   977    932    931
   977    931    930
   976    978    979
   976    979    934
   976    934    933
   976    933    977
   934    979    980
   934    980    936
   934    936    935
   937    936    980
   937    980    981
   937    981    939
   937    939    938
   939    981    982
   939    982    983
   939    983    940
   944    941    940
   944    940    983
   944    983    984
   944    984    985
   944    985    946
   946    985    986
   946    986    987
   946    987    947
   947    987    988
   947    988    989
   947    989    950
   947    950    949
   947    949    948
   989    990    952
   989    952    951
   989    951    950
   952    990    991
   952    991    992
   952    992    993
   952    993    953
   953    993    994
   953    994    956
   953    956    955
   953    955    954
   956    994    995
   956    995    996
   956    996    958
   956    958    957
   958    996    997
   958    997    998
   958    998    960
   958    960    959
   962    961    960
   962    960    998
   962    998    964
   962    964    963
   964    998    997
   964    997    999
   964    999   1000
   964   1000    965
   965   1000    970
   965    970    968
   965    968    967
   965    967    966
   999   1001   1002
   999   1002   1003
   999   1003    971
   999    971    970
   999    970   1000
   972    971   1003
   972   1003    973
   972    973    926
   972    926    925
   972    925    924
   975   1004   1005
   975   1005   1006
   975   1006    978
   975    978    976
  1007   1006   1005
  1007   1005   1008
   980    979    978
   980    978   1006
   980   1006   1007
   980   1007    982
   980    982    981
   983    982   1007
   983   1007   1008
   983   1008   1009
   983   1009    984
   984   1009   1010
   984   1010   1011
   984   1011    986
   984    986    985
   986   1011   1012
   986   1012   1013
   986   1013    988
   986    988    987
   988   1013   1014
   988   1014    991
   988    991    990
   988    990    989
  1014   1015   1016
  1014   1016   1017
  1014   1017    992
  1014    992    991
   992   1017    995
   992    995    994
   992    994    993
   997    996    995
   997    995   1017
   997   1017   1016
   997   1016   1001
   997   1001    999
  1016   1015   1018
  1016   1018   1019
  1016   1019   1002
  1016   1002   1001
  1003   1002   1019
  1003   1019   1020
  1003   1020   1004
  1003   1004    975
  1003    975    974
  1003    974    973
  1008   1005   1004
  1008   1004   1020
  1008   1020   1021
  1008   1021   1010
  1008   1010   1009
  1010   1021   1022
  1010   1022   1012
  1010   1012   1011
  1012   1022   1018
  1012   1018   1015
  1012   1015   1014
  1012   1014   1013
  1019   1018   1022
  1019   1022   1021
  1019   1021   1020
   343    342    453
   343    453    455
   343    455    575
   343    575    578
   343    578    692
   343    692    579
   343    579    458
   343    458    457
   343    457    456
   343    456    344
